batch_size-128_dropout-0.6_epochs-6000

TP: 165.0000000001	FP: 30.000000000100002	TN: 4.0000000001	FN: 1.0000000001
Precision: 0.8461538461534912
Recall: 0.9939759036138628
F1: 0.9141274238222558